-6.2111545875e-19
-2.1222711488e-03
-7.3899464293e-03
-1.5283766305e-02
-2.0494291256e-02
-1.3412690706e-02
1.6840053525e-02
7.6278293044e-02
1.6195436384e-01
2.6362376722e-01
3.6793740129e-01
4.6260228654e-01
5.3995538188e-01
5.9659623790e-01
6.2883838092e-01
6.2988074212e-01
5.9112420371e-01
5.0526892790e-01
3.7084582096e-01
1.9647641575e-01
3.4131306208e-17
-1.9859868690e-01
-3.7823576739e-01
-5.2055269420e-01
-6.1161849497e-01
-6.4329343283e-01
-6.1199832739e-01
-5.2031794485e-01
-3.7800101804e-01
-1.9897851932e-01
-2.7548830971e-17
1.9897851932e-01
3.7800101804e-01
5.2031794485e-01
6.1199832739e-01
6.4329343283e-01
6.1161849497e-01
5.2055269420e-01
3.7823576739e-01
1.9859868690e-01
2.3587940874e-16
-1.9859868690e-01
-3.7823576739e-01
-5.2055269420e-01
-6.1161849497e-01
-6.4329343283e-01
-6.1199832739e-01
-5.2031794485e-01
-3.7800101804e-01
-1.9897851932e-01
-2.6719471193e-16
1.9897851932e-01
3.7800101804e-01
5.2031794485e-01
6.1199832739e-01
6.4329343283e-01
6.1161849497e-01
5.2055269420e-01
3.7823576739e-01
1.9859868690e-01
6.1845750171e-16
-1.9859868690e-01
-3.7823576739e-01
-5.2055269420e-01
-6.1161849497e-01
-6.4329343283e-01
-6.1199832739e-01
-5.2031794485e-01
-3.7800101804e-01
-1.9897851932e-01
-5.7249057023e-17
1.9897851932e-01
3.7800101804e-01
5.2031794485e-01
6.1199832739e-01
6.4329343283e-01
6.1161849497e-01
5.2055269420e-01
3.7823576739e-01
1.9859868690e-01
-3.2709239213e-16
-1.9859868690e-01
-3.7823576739e-01
-5.2055269420e-01
-6.1161849497e-01
-6.4329343283e-01
-6.1199832739e-01
-5.2031794485e-01
-3.7800101804e-01
-1.9897851932e-01
3.1351088512e-16
1.9897851932e-01
3.7800101804e-01
5.2031794485e-01
6.1199832739e-01
6.4329343283e-01
6.1161849497e-01
5.2055269420e-01
3.7823576739e-01
1.9859868690e-01
5.6042324567e-16
-1.9859868690e-01
-3.7823576739e-01
-5.2055269420e-01
-6.1161849497e-01
-6.4329343283e-01
-6.1199832739e-01
-5.2031794485e-01
-3.7800101804e-01
-1.9897851932e-01
1.9271559653e-15
1.9897851932e-01
3.7800101804e-01
5.2031794485e-01
6.1199832739e-01
6.4329343283e-01
6.1161849497e-01
5.2055269420e-01
3.7823576739e-01
1.9859868690e-01
8.4537880535e-16
-1.9859868690e-01
-3.7823576739e-01
-5.2055269420e-01
-6.1161849497e-01
-6.4329343283e-01
-6.1199832739e-01
-5.2031794485e-01
-3.7800101804e-01
-1.9897851932e-01
5.3973658189e-16
1.9897851932e-01
3.7800101804e-01
5.2031794485e-01
6.1199832739e-01
6.4329343283e-01
6.1161849497e-01
5.2055269420e-01
3.7823576739e-01
1.9859868690e-01
-2.6822429702e-15
-1.9859868690e-01
-3.7823576739e-01
-5.2055269420e-01
-6.1161849497e-01
-6.4329343283e-01
-6.1199832739e-01
-5.2031794485e-01
-3.7800101804e-01
-1.9897851932e-01
8.1240842659e-16
1.9897851932e-01
3.7800101804e-01
5.2031794485e-01
6.1199832739e-01
6.4329343283e-01
6.1161849497e-01
5.2055269420e-01
3.7823576739e-01
1.9859868690e-01
3.4782703292e-15
-1.9859868690e-01
-3.7823576739e-01
-5.2055269420e-01
-6.1161849497e-01
-6.4329343283e-01
-6.1199832739e-01
-5.2031794485e-01
-3.7800101804e-01
-1.9897851932e-01
4.7607372278e-16
1.9897851932e-01
3.7800101804e-01
5.2031794485e-01
6.1199832739e-01
6.4329343283e-01
6.1161849497e-01
5.2055269420e-01
3.7823576739e-01
1.9859868690e-01
-2.6683502143e-15
-1.9859868690e-01
-3.7823576739e-01
-5.2055269420e-01
-6.1161849497e-01
-6.4329343283e-01
-6.1199832739e-01
-5.2031794485e-01
-3.7800101804e-01
-1.9897851932e-01
-1.3760938054e-15
1.9897851932e-01
3.7800101804e-01
5.2031794485e-01
6.1199832739e-01
6.4329343283e-01
6.1161849497e-01
5.2055269420e-01
3.7823576739e-01
1.9859868690e-01
-3.5678659238e-15
-1.9859868690e-01
-3.7823576739e-01
-5.2055269420e-01
-6.1161849497e-01
-6.4329343283e-01
-6.1199832739e-01
-5.2031794485e-01
-3.7800101804e-01
-1.9897851932e-01
5.0202087368e-15
1.9897851932e-01
3.7800101804e-01
5.2031794485e-01
6.1199832739e-01
6.4329343283e-01
6.1161849497e-01
5.2055269420e-01
3.7823576739e-01
1.9859868690e-01
-2.9375723679e-15
-1.9859868690e-01
-3.7823576739e-01
-5.2055269420e-01
-6.1161849497e-01
-6.4329343283e-01
-6.1199832739e-01
-5.2031794485e-01
-3.7800101804e-01
-1.9897851932e-01
4.9230663703e-15
1.9897851932e-01
3.7800101804e-01
5.2031794485e-01
6.1199832739e-01
6.4329343283e-01
6.1161849497e-01
5.2055269420e-01
3.7823576739e-01
1.9859868690e-01
-3.0987856064e-15
-1.9859868690e-01
-3.7823576739e-01
-5.2055269420e-01
-6.1161849497e-01
-6.4329343283e-01
-6.1199832739e-01
-5.2031794485e-01
-3.7800101804e-01
-1.9897851932e-01
7.9787875452e-16
1.9897851932e-01
3.7800101804e-01
5.2031794485e-01
6.1199832739e-01
6.4329343283e-01
