1.0000000000e+00
5.0162885095e-01
2.3511410092e-01
3.8997632037e-01
9.5105651630e-01
7.0000000000e-01
3.8042260652e-01
7.4264747175e-01
5.8778525229e-01
-6.9005058826e-02
-1.3471114791e-16
6.9005058826e-02
-5.8778525229e-01
-7.4264747175e-01
-3.8042260652e-01
-7.0000000000e-01
-9.5105651630e-01
-3.8997632037e-01
-2.3511410092e-01
-5.0162885095e-01
-6.1232339957e-16
5.0162885095e-01
2.3511410092e-01
3.8997632037e-01
9.5105651630e-01
7.0000000000e-01
3.8042260652e-01
7.4264747175e-01
5.8778525229e-01
-6.9005058826e-02
-4.0413344372e-16
6.9005058826e-02
-5.8778525229e-01
-7.4264747175e-01
-3.8042260652e-01
-7.0000000000e-01
-9.5105651630e-01
-3.8997632037e-01
-2.3511410092e-01
-5.0162885095e-01
-1.2246467991e-15
5.0162885095e-01
2.3511410092e-01
3.8997632037e-01
9.5105651630e-01
7.0000000000e-01
3.8042260652e-01
7.4264747175e-01
5.8778525229e-01
-6.9005058826e-02
2.1462268017e-16
6.9005058826e-02
-5.8778525229e-01
-7.4264747175e-01
-3.8042260652e-01
-7.0000000000e-01
-9.5105651630e-01
-3.8997632037e-01
-2.3511410092e-01
-5.0162885095e-01
-1.8369701987e-15
5.0162885095e-01
2.3511410092e-01
3.8997632037e-01
9.5105651630e-01
7.0000000000e-01
3.8042260652e-01
7.4264747175e-01
5.8778525229e-01
-6.9005058826e-02
-1.2982494032e-15
6.9005058826e-02
-5.8778525229e-01
-7.4264747175e-01
-3.8042260652e-01
-7.0000000000e-01
-9.5105651630e-01
-3.8997632037e-01
-2.3511410092e-01
-5.0162885095e-01
-2.4492935983e-15
5.0162885095e-01
2.3511410092e-01
3.8997632037e-01
9.5105651630e-01
7.0000000000e-01
3.8042260652e-01
7.4264747175e-01
5.8778525229e-01
-6.9005058826e-02
-3.3440285384e-15
6.9005058826e-02
-5.8778525229e-01
-7.4264747175e-01
-3.8042260652e-01
-7.0000000000e-01
-9.5105651630e-01
-3.8997632037e-01
-2.3511410092e-01
-5.0162885095e-01
3.6885389919e-15
5.0162885095e-01
2.3511410092e-01
3.8997632037e-01
9.5105651630e-01
7.0000000000e-01
3.8042260652e-01
7.4264747175e-01
5.8778525229e-01
-6.9005058826e-02
-1.8370939948e-15
6.9005058826e-02
-5.8778525229e-01
-7.4264747175e-01
-3.8042260652e-01
-7.0000000000e-01
-9.5105651630e-01
-3.8997632037e-01
-2.3511410092e-01
-5.0162885095e-01
-3.6739403974e-15
5.0162885095e-01
2.3511410092e-01
3.8997632037e-01
9.5105651630e-01
7.0000000000e-01
3.8042260652e-01
7.4264747175e-01
5.8778525229e-01
-6.9005058826e-02
-6.3697727052e-15
6.9005058826e-02
-5.8778525229e-01
-7.4264747175e-01
-3.8042260652e-01
-7.0000000000e-01
-9.5105651630e-01
-3.8997632037e-01
-2.3511410092e-01
-5.0162885095e-01
4.9507917679e-15
5.0162885095e-01
2.3511410092e-01
3.8997632037e-01
9.5105651630e-01
7.0000000000e-01
3.8042260652e-01
7.4264747175e-01
5.8778525229e-01
-6.9005058826e-02
-2.3759385865e-15
6.9005058826e-02
-5.8778525229e-01
-7.4264747175e-01
-3.8042260652e-01
-7.0000000000e-01
-9.5105651630e-01
-3.8997632037e-01
-2.3511410092e-01
-5.0162885095e-01
-4.8985871966e-15
5.0162885095e-01
2.3511410092e-01
3.8997632037e-01
9.5105651630e-01
7.0000000000e-01
3.8042260652e-01
7.4264747175e-01
5.8778525229e-01
-6.9005058826e-02
-6.9086172968e-15
6.9005058826e-02
-5.8778525229e-01
-7.4264747175e-01
-3.8042260652e-01
-7.0000000000e-01
-9.5105651630e-01
-3.8997632037e-01
-2.3511410092e-01
-5.0162885095e-01
-9.7741670107e-15
5.0162885095e-01
2.3511410092e-01
3.8997632037e-01
9.5105651630e-01
7.0000000000e-01
3.8042260652e-01
7.4264747175e-01
5.8778525229e-01
-6.9005058826e-02
-1.1441296007e-14
6.9005058826e-02
-5.8778525229e-01
-7.4264747175e-01
-3.8042260652e-01
-7.0000000000e-01
-9.5105651630e-01
-3.8997632037e-01
-2.3511410092e-01
-5.0162885095e-01
7.3770779837e-15
5.0162885095e-01
2.3511410092e-01
3.8997632037e-01
9.5105651630e-01
7.0000000000e-01
3.8042260652e-01
7.4264747175e-01
5.8778525229e-01
-6.9005058826e-02
-1.5973974718e-14
6.9005058826e-02
-5.8778525229e-01
-7.4264747175e-01
-3.8042260652e-01
-7.0000000000e-01
-9.5105651630e-01
-3.8997632037e-01
-2.3511410092e-01
-5.0162885095e-01
2.5014981696e-15
5.0162885095e-01
2.3511410092e-01
3.8997632037e-01
9.5105651630e-01
7.0000000000e-01
3.8042260652e-01
7.4264747175e-01
5.8778525229e-01
-6.9005058826e-02
-8.4274269200e-15
6.9005058826e-02
-5.8778525229e-01
-7.4264747175e-01
-3.8042260652e-01
-7.0000000000e-01
-9.5105651630e-01
-3.8997632037e-01
-2.3511410092e-01
-5.0162885095e-01
-7.3478807949e-15
5.0162885095e-01
2.3511410092e-01
3.8997632037e-01
9.5105651630e-01
7.0000000000e-01
3.8042260652e-01
7.4264747175e-01
5.8778525229e-01
-6.9005058826e-02
-7.9863064801e-15
6.9005058826e-02
-5.8778525229e-01
-7.4264747175e-01
-3.8042260652e-01
-7.0000000000e-01
